498650038172532736,1,0
498650082586406912,0,0
498650084998127617,0,1
498650103050436608,0,0
498650112302665729,1,1
498650162286583808,0,1
498650179784826880,0,0
498650185569144833,1,0
498650201092272128,0,1
498650201872007169,1,1
498650231672958976,1,0
498650232372994048,1,1
498650426737451009,1,0
498650451693551618,1,0
498650500732968960,0,0
498650507318030336,0,1
498650516071530496,1,0
498650549446012928,0,1
498650553228881920,0,0
498650606295609344,0,0
498650651115544578,0,0
498650740836278273,1,0
498650764307595264,0,1
498650767646294016,1,0
498650821060734976,0,0
498650834402410497,1,0
498650856208994304,0,1
498650863549046784,1,0
498650867663650817,1,0
498650870360207360,0,1
498650894108344320,1,0
498650904292503552,0,1
498651060496777216,0,1
498651070822748160,1,0
498651104662392832,0,0
498651148505862144,0,0
498651153023127552,0,0
498651310384627714,0,1
498651393729638400,1,0
498651450449616896,1,0
498651496276185088,1,0
498651540962672640,0,1
498651662480064512,1,0
498651732071968769,0,0
498651734110388226,1,0
498651747661774849,0,1
498651755140227072,0,1
498651778452168704,0,0
498651830713606144,0,0
498651919842148352,0,0
498652042823753728,0,0
498652055217926144,1,0
498652081067425793,0,0
498652100096970752,0,0
498652106598137856,0,0
498652163564785664,1,0
498652175225335808,0,1
498652197971034113,1,0
498652205365202944,0,0
498652208498761728,0,0
498652214618238976,1,0
498652232829915136,1,0
498652243294302209,1,0
498652279663493121,0,0
498652326215708673,0,0
498652352245555201,0,0
498652358386384896,0,0
498652376400936960,0,0
498652388430217216,1,0
498652391039057920,1,0
498652438883086336,0,0
498652459699818496,0,0
498652518772387840,0,1
498652534048059392,0,0
498652573969031168,0,1
498652574103633920,0,0
498652610237169665,0,1
498652620777869312,0,0
498652634744905728,0,0
498652639760896000,0,1
498652652893655041,0,0
498652707352092673,1,0
498652727304806400,0,0
498652798339125250,0,0
498652873136562176,0,0
498652938060181508,0,0
498652978132160512,1,0
498653002518265858,1,0
498653016698802177,0,1
498653072684380161,1,0
498653156843458560,0,0
498653185754808320,0,0
498653193308352514,1,0
498653215370403840,1,0
498653233817329664,0,1
498653263126753280,0,0
498653295582666752,1,0
498653298447355904,0,1
498653337064321025,1,1
498653344693780480,0,1
498653393703809024,1,0
498653407578574848,0,0
498653412175511552,1,0
498653425702158337,1,0
498653438859681792,0,0
498653470019162112,0,0
498653479687434240,0,0
498653583378636800,0,0
498653585224118272,0,0
498653612759711745,1,1
498653629721878529,0,1
498653643982516225,1,0
498653681114685440,1,0
498653753218572289,1,0
498653756708622337,0,0
498653766225117184,0,0
498653850925273088,1,0
498653855035707392,0,0
498653861184540672,0,1
498653861477744640,0,0
498653871146037249,0,0
498653874454933504,1,0
498653907800035328,0,0
498653940477857792,0,1
498653958270124033,0,1
498653960878977025,0,0
498654082085949441,0,0
498654092684566528,1,0
498654094030938113,1,0
498654106999730176,0,0
498654130538577921,0,0
498654155334893569,1,0
498654158468050944,1,0
498654205662351360,1,0
498654226705178625,1,0
498654264286146560,1,0
498654280870424576,1,0
498654331563151361,0,1
498654332925902848,0,0
498654411598487552,0,0
498654494419599360,0,0
498654538555863040,0,0
498654614787719168,0,0
498654641719345152,0,0
498654643858460672,0,0
498654685776343040,1,0
498654770593538048,1,0
498654780340711424,1,1
498654784308903936,0,1
498654796656947200,0,0
498654839199789056,0,1
498654852541468672,0,0
498654856941682688,0,0
498654859554349058,1,0
498654882820554753,0,0
498654890449567745,0,0
498654896753631233,0,0
498654913937674240,1,0
498654921726885888,0,0
498654938465959936,1,0
498654948112879616,0,0
498654960590921730,0,0
498655008255393793,1,0
498655014471340033,0,1
498655041172299777,1,0
498655041407176705,0,0
498655063901229056,1,0
498655160734740480,0,1
498655245744889857,1,0
498655250027261952,0,0
498655261507457025,0,0
498655269254356992,1,0
498655340087738368,0,1
498655361839403008,0,1
498655379648434176,1,0
498655409675444224,1,0
498655466319511552,1,0
498655504525438976,0,0
498655543368908800,1,0
498655572099485698,1,0
498655586247266305,0,0
498655596137422850,0,1
498655684263546880,0,0
498655686923132928,0,0
498655690307948544,0,0
498655701380521986,1,0
498655710951927811,1,0
498655711161634816,0,1
498655740660170753,0,0
498655781294972928,1,0
498655886135414784,0,0
498655900194701312,0,1
498655911435440128,0,0
498655932084416513,1,0
498655983976325121,0,1
498656013281939456,0,0
498656039755980802,0,0
498656046865338368,1,0
498656077139816450,0,0
498656115303796736,1,0
498656173906620416,1,0
498656178151235584,0,0
498656183159640066,0,0
498656210111844352,1,0
498656270250151936,0,0
498656273001631744,0,0
498656281637699584,0,0
498656324574781440,0,0
498656340571869184,0,0
498656343444955136,0,0
498656355990138880,0,0
498656356631457792,0,1
498656368497524738,0,0
498656368761380864,0,0
498656384750473216,0,0
498656403209191424,0,0
498656411715649536,0,1
498656465746665472,0,0
498656477888794625,1,0
498656496755146755,0,1
498656557375029248,0,0
498656564970930177,0,0
498656579856498689,0,0
498656717048401921,1,0
498656736979734528,0,1
498656788401508352,0,0
498656797935534080,1,0
498656834803081216,1,0
498656859830501376,1,0
498656889883086848,0,0
498656899563130880,1,0
498656911156211712,0,1
498656911906988033,0,0
498656923688775680,0,0
498656964084117507,1,0
498656973634945024,0,1
498657006870601728,0,0
498657023446507520,1,0
498657113300664321,0,0
498657117088542720,0,1
498657126210748416,1,0
498657140786360320,1,0
498657147782455297,1,0
498657173451587584,0,0
498657181684596739,1,0
498657186210263040,0,1
498657216551862272,1,0
498657219546599424,1,0
498657242154303490,0,1
498657326770180096,0,0
498657348962226177,1,0
498657352573136897,0,0
498657393275056130,0,0
498657412220329985,0,0
498657447486443522,1,0
498657454738382848,0,0
498657483788124160,0,1
498657483897196544,0,0
498657574988705792,0,0
498657586749919232,0,0
498657612830093312,0,0
498657622384324608,0,0
498657671520993280,1,0
498657701144961025,1,0
498657729934659584,1,0
498657737644191744,0,0
498657792937299969,0,0
498657866770022400,0,0
498657868087046144,0,0
498657890002272256,0,0
498657891163709440,0,0
498657905101787137,0,0
498657939150733312,1,0
498657957211406337,0,0
498657972428361728,0,0
498658044193275904,0,0
498658064414015488,1,0
498658099218370560,0,0
498658120143757312,0,0
498658123780227072,1,0
498658151961726977,0,0
498658159696023553,0,0
498658222752804864,0,0
498658337236328448,1,0
498658340223086592,0,0
498658357499412480,0,0
498658359617146880,0,1
498658374935142400,0,1
498658392831823873,0,0
498658394983915520,0,0
498658413165805569,0,1
498658436994064384,1,0
498658471907061761,0,1
498658476386942976,0,0
498658485664358400,1,0
498658530476691458,1,0
498658537791561729,0,0
498658546524114944,0,1
498658606066466816,1,0
498658606850797568,0,0
498658658470100994,0,0
498658709711515648,0,0
498658778015731712,0,1
498658852577886208,0,1
498658878239035392,0,1
498658916906307584,0,0
498658924396945408,0,1
498658928171835392,0,0
498658960334147585,0,1
498658964637102082,1,0
498658969850613760,0,0
498658994979098625,0,0
498659005485826048,1,0
498659012997836801,0,0
498659027325571072,1,0
498659031439777792,0,0
498659044790255616,0,0
498659054865379328,0,0
498659071499988995,0,0
498659113862434816,0,0
498659140579758080,0,0
498659173056643072,0,0
498659174696624128,0,0
498659213510311939,1,0
498659220649422848,0,0
498659257928392704,0,1
498659261400883200,1,0
498659289360515072,0,0
498659317747171328,1,0
498659330930278400,0,0
498659352803147780,0,0
498659355123003393,1,0
498659369848807424,1,0
498659392976195584,1,0
498659433992691713,1,0
498659450408812545,0,1
498659457832722432,1,0
498659473687212033,1,0
498659477600878592,1,0
498659509695283200,0,0
498659514359369729,0,0
498659524132470784,0,1
498659526963630080,0,0
498659540582146049,0,0
498659542008205312,1,0
498659542540886017,1,0
498659544659009536,0,1
498659568294313987,0,0
498659570495930368,0,0
498659582428737536,0,1
498659586836942848,1,0
498659589949112321,1,0
498659605384531968,0,0
498659609817927681,0,0
498659630080196610,0,0
498659668277723137,1,0
498659708056510467,0,0
498659722384269313,1,0
498659756543057921,1,0
498659760577982465,0,0
498659762356375553,0,1
498659774767308800,0,0
498659775090290688,0,0
498659820904280064,0,0
498659823144022016,0,0
498659825656410113,0,0
498659847345168386,0,0
498659865255239680,0,0
498659879968468992,1,0
498659892844961794,1,0
498659906451681280,0,0
498659923190767616,1,0
498659940274561024,0,0
498659948629217282,0,0
498659950743126017,1,0
498659954111152128,0,0
498659975888392193,0,0
498659979331510272,0,0
498659997816205313,1,0
498660032582791168,0,0
498660056448372736,0,0
498660081463230464,1,0
498660097217015809,1,0
498660106951991296,0,0
498660162152853504,0,1
498660176879431680,1,0
498660177722105857,0,0
498660179664072705,0,1
498660207715950592,0,0
498660229945372677,1,0
498660230083780608,0,0
498660273452892160,0,1
498660285935534080,0,0
498660294139207680,0,0
498660347968897024,0,0
498660400175783937,1,0
498660401484009472,0,0
498660408350097410,1,0
498660413408821248,1,0
498660435218800641,0,1
498660489845411840,0,0
498660491343192065,0,0
498660510066163713,1,0
498660517024497664,1,0
498660590580023297,0,1
498660607789256704,0,1
498660618245648387,0,0
498660652081487872,1,0
498660657341149184,0,0
498660667444830209,1,0
498660687288078336,0,1
498660725166833665,1,0
498660725884067840,1,0
498660726316101632,1,0
498660736638652418,0,0
498660755383025665,1,0
498660799028948993,0,0
498660804150185984,0,0
498660809384673280,1,0
498660811595055105,0,0
498660818997633026,0,0
498660820415696896,0,0
498660849155063808,0,0
498660854590492674,0,0
498660870202093568,1,0
498660871602995202,1,0
498660889667837953,1,0
498660908382826497,0,0
498660910698078208,1,0
498660918814060544,0,0
498660922429554689,0,0
498660963898257409,0,0
498660967941963777,0,0
498661006978318336,0,0
498661007104151554,1,0
498661044143681537,0,0
498661045515210752,1,0
498661080798068738,0,1
498661124288839680,0,0
498661124481744896,0,0
498661155087613952,0,0
498661165850181634,0,0
498661183055224834,0,0
498661183495610370,1,1
498661204961660932,0,0
498661249190596610,0,0
498661279444127744,0,0
498661304434184193,0,0
498661314160783362,0,0
498661372201537536,1,0
498661392028033024,0,0
498661404942270464,0,0
498661409673056256,0,0
498661452656689152,0,0
498661462399651840,0,0
498661463373139969,0,0
498661466266820609,0,1
498661467064115200,0,1
498661503013519360,0,0
498661514652286976,1,0
498661520281444353,0,1
498661521291898881,0,0
498661584550785024,0,0
498661681145606144,1,0
498661688636235776,0,0
498661703442513921,0,0
498661705719635968,1,0
498661714498301952,1,0
498661718076436481,0,0
498661731044843521,0,0
498661747792695296,1,0
498661757095665664,0,0
498661759226769408,0,0
498661765052260354,1,0
498661773319622656,0,1
498661773768413184,0,0
498661788850745345,1,0
498661799189700608,0,0
498661806546878464,0,0
498661822988177408,0,0
498661838079672320,0,0
498661838318739457,0,0
498661838817878016,0,0
498661841493823488,0,0
498661902168629248,0,0
498661904265408514,0,0
498661910876000258,1,0
498661911643561985,1,0
498661919801495552,0,0
498661945734467585,0,0
498661954916220928,1,0
498662024277397505,1,0
498662048365281280,0,0
498662054249906179,0,0
498662056896516096,0,0
498662073602416641,0,0
498662104564760576,1,0
498662110147391488,0,0
498662117638406144,0,0
498662117847736320,1,1
