498616778344632320
498612948298760192
498616671616380928
498618975514009600
498619780057022464
498618591537684481
498617013007552512
498619196981661698
498607369832910848
498614775044382720
498618976013152257
498618180323930112
498613389623824384
498606458812899328
498619391077265408
498619736679137280
498616105795993600
498616633490173952
498611068143665152
498615479955509248
498614193369534464
498619537470676993
498616863606464512
498619695533408256
498612907974725632
498619350572863489
498607365932195840
498619620681842688
498616656315555840
498610568052637697
498613447035469824
498619715313745920
498616812956024832
498618281746792449
498608501837418497
498608907162353664
498609662322044928
498615400515780608
498606480858554368
498616198481731586
498619736989908994
498618630355972096
498608678036324352
498607313369190400
498611555354021888
498619331173818368
498617152384278528
498619482290802689
498611659309477889
498618179653234688
498615151164416002
498617236131573761
498615962426302464
498612958420013057
498615323369943041
498603668946845696
498603947691876352
498607054269849600
498619051372195842
498614148604108801
498609796338438144
498616374877380608
498602431006408704
498617263239335936
498615835280166912
498607934582968321
498617255136329728
498614750646124547
498616078306914306
498619196725800961
498615624981942273
498618646420529152
498608010512846848
498609940194689024
498615124689948672
498616991029018624
498618456283959296
498615890284650496
498619527056596992
498610007189905411
498618531647610880
498609620785848323
498616912008720384
498601656208990208
498617124022022144
498615007794319360
498604947789733888
498611926964764675
498602228060413952
498602088390479872
498615464260403202
498612604173320192
498609531765919745
498606052280393729
498614562002722817
498613203065380865
498609827133009920
498618245201821696
498617501044207619
498603089486970880
498619723391971328
498604926918877184
498619795391401984
498605267261874176
498602912273403905
498616206421934081
498602346323406850
498606668905594880
498611786938335232
498616268375994368
498612007504187393
498612060897689601
498609557833547776
498601577129979904
498604094794108928
498605645781041152
498618326290288641
498601265157271552
498601267187687424
498605607164051457
498616775115026432
498602789518712832
498616685105270784
498611058387341312
498604107100602368
498616469928685568
498613300599717889
498601323156099072
498603542614388738
498610280478556162
498612035660558336
498617294759534593
498616756093452289
498613806613143552
498618473904234497
498616904337334273
498609616486273024
498609770660499456
498612283585474560
498616976550264836
498612647361646593
498616912494862338
498617264996769793
498609367307284481
498613042796851202
498614038080000000
498601572868554752
498603289320386562
498613678619762688
498601827051798528
498605842393235456
498606174233972737
498607949296590849
498602433757843456
498609692688777216
498619252002529280
498610353899855873
498601912363532288
498616787382964225
498614137749241857
498619225570045952
498616229389537281
498603397969612800
498605643549249536
498601979820916739
498609176562528256
498617235775057920
498603512004378626
498604648559702016
498618927984173058
498600906116857858
498607395246186497
498607975788191747
498614253461721089
498613876448296960
498600903092760577
498612807990923264
498619500758319104
498619746838142976
498615957397733379
498606057800101889
498616788658044929
498610315014447104
498603853278089216
498604155226034176
498611525826125824
498602948709339138
498616813882580993
498612635848278016
498611973165445120
498606467042131968
498602963372609536
498608686374211584
498612882675101696
498607349532065792
498615575690489857
498602545384656896
498604792214978560
498606569487990785
498608589955559424
498601943301103616
498602713123680258
498603520426143744
498605537714380801
498610670406217728
498619053573799937
498618792205750272
498608792699813888
498603049422958592
498606935428853760
498604054554378240
498612521990107136
498609847978704896
498609364870389760
498608458229219330
498613652191059969
498602473490096129
498604574677020673
498607668517691392
